0 5116
1000 6520
2000 6760
3000 7901
4000 6412
5000 4757
6000 5446
7000 5234
8000 7295
9000 8000
10000 8000
11000 8000
12000 7108
13000 6132
14000 6066
15000 5230
16000 5798
17000 6523
18000 6710
19000 6334
20000 5170
21000 5064
22000 4500
23000 4500
24000 4551
25000 4514
26000 6242
27000 4591
28000 2669
29000 2000
30000 2000
31000 2000
32000 3454
33000 4515
34000 4845
35000 4223
36000 3067
37000 2808
38000 3310
39000 3733
40000 4377
41000 6460
42000 7310
43000 6526
44000 6252
45000 5382
46000 4546
47000 5900
48000 7182
49000 8000
50000 8000
